27521.4, 550.428
27521.3, 27.521
27521.3, 27.521
27521.2, 27.521
27521.2, 27.521
27521.2, 27.521
27521.1, 27.521
27521.1, 27.521
27521.0, 27.521
27521.0, 27.521
27520.9, 27.521
27520.9, 27.521
27520.8, 27.521
27520.8, 27.521
27520.8, 55.042
27520.7, 27.521
27520.7, 990.745
27520.7, 27.521
27520.7, 27.521
27520.7, 330.248
27520.6, 27.521
27520.6, 27.521
27520.5, 27.521
27520.5, 3742.788
27520.5, 27.521
27520.5, 27.521
27520.4, 27.52
27520.4, 27.52
27520.3, 7485.522
27520.3, 27.52
27520.3, 27.52
27520.2, 5944.363
27520.2, 27.52
27520.2, 27.52
27520.1, 27.52
27520.1, 6219.543
27520.2, 825.606
27520.1, 110.08
27520.1, 27.52
27520.1, 27.52
27520.1, 137.6
27520.1, 27.52
27520.0, 27.52
27520.0, 522.88
27520.0, 908.16
27520.0, 55.04
27520.0, 357.76
27520.0, 825.6
27520.0, 3440.0
27520.0, 82.56
27519.9, 4650.863
27519.9, 27.52
27519.9, 27.52
27519.8, 27.52
27519.8, 27.52
27519.8, 2063.985
27519.9, 55.04
27519.8, 3605.094
27519.8, 990.713
27519.8, 3605.094
27519.8, 3495.015
27519.8, 550.396
27519.8, 1458.549
27519.8, 3907.812
27519.9, 7705.572
27519.8, 743.035
27519.8, 15906.444
27519.8, 27.52
27519.8, 577.916
27519.8, 660.475
27519.8, 247.678
27519.8, 165.119
27519.8, 110.079
27519.8, 6852.43
27519.8, 27.52
27519.8, 27.52
27519.8, 4045.411
27519.8, 55.04
27519.7, 770.552
27519.7, 27.52
27519.7, 27.52
27519.6, 165.118
27519.6, 27.52
27519.6, 27.52
27519.5, 27.52
27519.5, 27.52
27519.5, 27.52
27519.4, 27.519
27519.4, 27.519
27519.4, 550.388
27519.3, 24987.524
27519.3, 27.519
27519.3, 27.519
27519.2, 27.519
27519.2, 27.519
27519.2, 220.154
27519.1, 27.519
27519.1, 165.115
27519.1, 27.519
27519.1, 27.519
27519.0, 27.519
27519.0, 27.519
27519.0, 27.519
27518.9, 27.519
27518.9, 27.519
27518.8, 27.519
27518.8, 27.519
27518.8, 165.113
27518.7, 27.519
27518.7, 27.519
27518.7, 110.075
27518.6, 27.519
27518.6, 27.519
27518.5, 165.111
27518.5, 27.519
27518.5, 27.519
27518.5, 27.519
27518.4, 27.518
27518.4, 27.518
27518.3, 27.518
27518.3, 27.518
27518.3, 330.22
27518.2, 27.518
27518.2, 27.518
27518.1, 3164.582
27518.1, 110.072
27518.1, 27.518
27518.1, 27.518
27518.0, 4870.686
27518.0, 165.108
27518.0, 27.518
27518.0, 27.518
27518.0, 550.36
27517.9, 27.518
27517.9, 27.518
27517.8, 27.518
27517.8, 27.518
27517.8, 220.142
27517.7, 27.518
27517.7, 27.518
27517.7, 27.518
27517.7, 27.518
27517.7, 15767.642
27517.6, 110.07
27517.6, 27.518
27517.6, 27.518
27517.6, 27.518
27517.5, 27.518
27517.5, 27.518
27517.5, 27.518
27517.5, 27.518
27517.4, 165.104
27517.4, 27.517
27517.4, 27.517
27517.3, 55.035
27517.3, 27.517
27517.3, 27.517
27517.2, 27.517
27517.2, 27.517
27517.2, 275.172
27517.1, 2173.851
27517.1, 27.517
27517.2, 27.517
27517.1, 5310.8
27517.2, 27.517
27517.2, 4072.546
27517.2, 4127.58
27517.2, 550.344
27517.2, 302.689
27517.2, 1568.48
27517.1, 27.517
27517.2, 27.517
27517.1, 2999.364
27517.2, 467.792
27517.2, 137.586
27517.2, 908.068
27517.2, 1320.826
27517.1, 522.825
27517.1, 18491.491
27517.1, 82.551
27517.2, 27.517
27517.2, 82.552
27517.2, 247.655
27517.2, 55.034
27517.2, 27.517
27517.2, 550.344
27517.2, 27.517
27517.2, 467.792
27517.2, 137.586
27517.2, 440.275
27517.1, 55.034
27517.2, 27.517
27517.1, 1375.855
27517.2, 82.552
27517.2, 12795.498
27517.2, 14639.15
27517.2, 2669.168
27517.2, 330.206
27517.2, 7429.644
27517.2, 3081.926
27517.2, 467.792
27517.2, 27.517
27517.2, 110.069
27517.2, 82.552
27517.2, 27.517
27517.2, 275.172
27517.2, 137.586
27517.2, 1293.308
27517.2, 330.206
27517.2, 440.275
27517.2, 22013.76
27517.3, 27.517
27517.3, 27.517
27517.3, 27.517
27517.3, 27.517
27517.4, 27.517
27517.4, 27.517
27517.4, 27.517
27517.4, 275.174
27517.5, 27.518
27517.5, 27.518
27517.5, 27.518
27517.5, 27.518
27517.6, 27.518
27517.6, 27.518
27517.6, 27.518
27517.7, 27.518
27517.7, 27.518
27517.7, 27.518
27517.8, 27.518
27517.8, 27.518
27517.8, 27.518
27517.8, 27.518
27517.9, 27.518
27517.9, 27.518
27517.9, 27.518
27518.0, 27.518
27518.0, 27.518
27518.0, 27.518
27518.1, 27.518
27518.1, 27.518
27518.1, 357.735
27518.1, 220.145
27518.1, 27.518
27518.1, 27.518
27518.1, 1623.568
27518.2, 27.518
27518.2, 27.518
27518.2, 27.518
27518.2, 2999.484
27518.3, 27.518
27518.3, 27.518
27518.3, 27.518
27518.4, 27.518
27518.4, 27.518
27518.4, 27.518
27518.4, 27.518
27518.5, 27.519
27518.5, 27.519
27518.5, 27.519
27518.6, 27.519
27518.6, 27.519
27518.6, 27.519
27518.7, 27.519
27518.7, 27.519
27518.7, 27.519
27518.7, 55.037
27518.7, 19153.015
27518.8, 330.226
27518.8, 27.519
27518.8, 27.519
27518.8, 23253.386
27518.8, 27.519
27518.8, 27.519
27518.7, 3192.169
27518.7, 27.519
27518.7, 8971.096
27518.7, 1018.192
27518.7, 1898.79
27518.7, 82.556
27518.7, 27.519
27518.8, 82.556
27518.8, 1430.978
27518.7, 660.449
27518.8, 385.263
27518.7, 11310.186
27518.7, 13511.682
27518.7, 275.187
27518.7, 4127.805
27518.7, 4127.805
27518.7, 5503.74
27518.7, 5503.74
27518.7, 5503.74
27518.7, 5503.74
27518.7, 5503.74
27518.7, 5503.74
27518.7, 5503.74
27518.7, 5503.74
27518.7, 5503.74
27518.7, 5503.74
27518.7, 5503.74
27518.7, 5503.74
27518.7, 5503.74
27518.7, 5173.516
27518.8, 4980.903
27518.7, 330.224
27518.7, 5503.74
27518.7, 5503.74
27518.7, 5503.74
27518.7, 5503.74
27518.7, 5503.74
27518.7, 5503.74
27518.7, 5503.74
27518.7, 5503.74
27518.7, 5503.74
27518.7, 5173.516
27518.7, 330.224
27518.7, 550.374
27518.7, 47910.057
27518.7, 302.706
27518.7, 55.037
27518.7, 3494.875
27518.7, 30353.126
27518.7, 27.519
27518.7, 5008.403
27518.7, 605.411
27518.7, 27.519
27518.7, 798.042
27518.7, 192.631
27518.7, 605.411
27518.7, 27.519
27518.7, 110.075
27518.7, 55.037
27518.7, 6164.189
27518.7, 880.598
27518.7, 110.075
27518.7, 275.187
27518.7, 4430.511
27518.7, 137.594
27518.7, 165.112
27518.7, 27.519
27518.7, 1403.454
27518.7, 357.743
27518.6, 27.519
27518.6, 27.519
27518.5, 27.519
27518.5, 27.519
27518.4, 550.368
27518.4, 27.518
27518.4, 27.518
27518.3, 27.518
27518.3, 27.518
27518.2, 27.518
27518.2, 27.518
27518.1, 27.518
27518.1, 27.518
27518.0, 27.518
27518.0, 27.518
27518.0, 7484.896
27517.9, 27.518
27517.9, 27.518
27517.8, 27.518
27517.8, 27.518
27517.8, 220.142
27517.7, 27.518
27517.7, 27.518
27517.6, 27.518
27517.6, 27.518
27517.5, 27.518
27517.5, 27.518
27517.4, 192.622
27517.4, 137.587
27517.4, 165.104
27517.4, 55.035
27517.4, 55.035
27517.4, 165.104
27517.4, 27.517
27517.4, 27.517
27517.4, 495.313
27517.3, 412.759
27517.3, 110.069
27517.3, 330.208
27517.3, 27.517
27517.3, 27.517
27517.2, 6494.059
27517.2, 6494.059
27517.2, 5888.681
27517.2, 27.517
27517.2, 27.517
27517.2, 110.069
27517.1, 19317.004
27517.1, 1183.235
27517.1, 82.551
27517.1, 577.859
27517.1, 220.137
27517.1, 27.517
27517.1, 522.825
27517.1, 3659.774
27517.1, 1843.646
27517.1, 27.517
27517.1, 27.517
27517.1, 110.068
27517.1, 27.517
27517.1, 385.239
27517.1, 247.654
27517.1, 27.517
27517.1, 55.034
27517.1, 110.068
27517.1, 357.722
27517.1, 660.41
27517.1, 82.551
27517.1, 27.517
27517.1, 27.517
27517.1, 247.654
27517.1, 330.205
27517.0, 27.517
27517.0, 27.517
27517.0, 27.517
27517.0, 27.517
27517.0, 1375.85
27516.9, 27.517
27516.9, 27.517
27516.9, 27.517
27516.8, 165.101
27516.8, 27.517
27516.8, 27.517
27516.8, 27.517
27516.8, 27.517
27516.7, 27.517
27516.7, 27.517
27516.7, 27.517
27516.6, 27.517
27516.6, 27.517
27516.6, 27.517
27516.5, 55.033
27516.5, 27.517
27516.5, 27.517
27516.5, 27.517
27516.5, 27.517
27516.5, 27.517
27516.5, 357.715
27516.4, 27.516
27516.4, 27.516
27516.4, 27.516
27516.3, 165.098
27516.3, 27.516
27516.3, 27.516
27516.3, 27.516
27516.2, 27.516
27516.2, 27.516
27516.2, 27.516
27516.2, 27.516
27516.1, 27.516
27516.1, 27.516
27516.1, 27.516
27516.0, 110.064
27516.0, 110.064
27516.0, 1540.896
27516.0, 110.064
27516.0, 110.064
27516.0, 110.064
27516.0, 110.064
27516.0, 6713.904
27516.0, 27.516
27516.0, 27.516
27516.0, 27.516
27516.0, 5503.2
27516.0, 330.192
27516.0, 110.064
27515.9, 27.516
27515.9, 27.516
27515.9, 27.516
27515.9, 27.516
27515.9, 27.516
27515.9, 5338.085
27515.9, 27.516
27515.9, 1238.216
27515.9, 908.025
27515.8, 27.516
27515.8, 27.516
27515.8, 27.516
27515.8, 27.516
27515.7, 165.094
27515.7, 27.516
27515.7, 27.516
27515.7, 27.516
27515.6, 27.516
27515.6, 27.516
27515.6, 27.516
27515.6, 27.516
27515.5, 27.516
27515.5, 27.516
27515.5, 27.516
27515.4, 55.031
27515.4, 27.515
27515.4, 27.515
27515.3, 27.515
27515.3, 27.515
27515.3, 27.515
27515.2, 110.061
27515.2, 17802.334
27515.2, 27157.502
27515.2, 165.091
27515.2, 27.515
27515.2, 27.515
27515.2, 27.515
27515.1, 27.515
27515.1, 27.515
27515.1, 14968.214
27515.1, 495.272
27515.1, 27.515
27515.1, 27.515
27515.0, 247.635
27515.0, 55.03
27515.0, 990.54
27515.0, 27.515
27514.9, 27.515
27514.9, 27.515
27514.8, 27.515
27514.8, 27.515
27514.7, 27.515
27514.7, 27.515
27514.6, 27.515
27514.6, 165.088
27514.6, 1540.818
27514.6, 27.515
27514.6, 27.515
27514.5, 15022.917
27514.5, 27.515
27514.5, 27.515
27514.5, 27.515
27514.4, 27.514
27514.4, 27.514
27514.3, 27.514
27514.3, 27.514
27514.3, 27.514
27514.3, 27.514
27514.2, 27.514
27514.2, 27.514
27514.2, 27.514
27514.2, 27.514
27514.2, 27.514
27514.2, 687.855
27514.1, 30788.278
27514.1, 27.514
27514.1, 165.085
27514.1, 27.514
27514.1, 27.514
27514.0, 4869.978
27514.0, 1403.214
27514.0, 5667.884
27514.0, 27.514
27514.0, 27.514
27513.9, 1485.751
27513.9, 27.514
27513.9, 27.514
27513.8, 9244.637
27513.8, 9052.04
27513.8, 1485.745
27513.8, 27.514
27513.9, 2751.39
27513.8, 27.514
27513.9, 27.514
27513.8, 11473.255
27513.9, 2696.362
27513.9, 11170.643
27513.8, 20635.35
27513.8, 962.983
27513.8, 24542.31
27513.8, 550.276
27513.8, 29302.197
27513.8, 27.514
27513.8, 275.138
27513.8, 110.055
27513.8, 27.514
27513.8, 165.083
27513.8, 55.028
27513.8, 27.514
27513.8, 82.541
27513.8, 27.514
27513.8, 110.055
27513.8, 27.514
27513.8, 27.514
27513.8, 55.028
27513.8, 110.055
27513.8, 275.138
27513.8, 467.735
27513.8, 247.624
27513.8, 82.541
27513.8, 1375.69
27513.8, 2503.756
27513.7, 27.514
27513.7, 27.514
27513.7, 27.514
27513.6, 27.514
27513.6, 27.514
27513.6, 27.514
27513.6, 27.514
27513.5, 165.081
27513.5, 27.514
27513.5, 27.514
27513.5, 27.514
27513.5, 27.514
27513.4, 27.513
27513.4, 27.513
27513.4, 27.513
27513.3, 27.513
27513.3, 27.513
27513.3, 27.513
27513.2, 55.026
27513.2, 27.513
27513.2, 27.513
27513.2, 27.513
27513.2, 27.513
27513.2, 27.513
27513.1, 55.026
27513.1, 27.513
27513.1, 27.513
27513.1, 27.513
27513.0, 55.026
27513.0, 165.078
27513.0, 27.513
27513.0, 27.513
27513.0, 27.513
27512.9, 27.513
27512.9, 27.513
27512.9, 27.513
27512.9, 27.513
27512.9, 220.103
27512.8, 27.513
27512.8, 27.513
27512.8, 27.513
27512.8, 27.513
27512.8, 27.513
27512.7, 55.025
27512.7, 27.513
27512.7, 55.025
27512.7, 27.513
27512.7, 27.513
27512.7, 27.513
27512.6, 27.513
27512.6, 27.513
27512.6, 27.513
27512.6, 27.513
27512.5, 27.513
27512.5, 27.513
27512.5, 6135.288
27512.5, 852.888
27512.5, 27.513
27512.4, 165.074
27512.4, 4401.984
27512.4, 4401.984
27512.4, 27.512
27512.4, 27.512
27512.4, 4401.984
27512.4, 110.05
27512.4, 27.512
27512.3, 27.512
27512.3, 27.512
27512.3, 55.025
27512.3, 27.512
27512.2, 9244.099
27512.2, 27.512
27512.2, 27.512
27512.1, 27.512
27512.1, 27.512
27512.0, 27.512
27512.0, 550.24
27512.0, 27.512
27512.0, 27.512
27511.9, 165.071
27511.9, 27.512
27511.9, 27.512
27511.8, 27.512
27511.8, 3741.605
27511.8, 27.512
27511.8, 27.512
27511.8, 27.512
27511.7, 3328.916
27511.7, 55.023
27511.7, 27.512
27511.7, 27.512
27511.6, 72107.904
27511.6, 27.512
27511.6, 27.512
27511.6, 330.139
27511.5, 2145.897
27511.5, 4044.19
27511.5, 27.512
27511.5, 27.512
27511.5, 220.092
27511.4, 660.274
27511.4, 4236.756
27511.4, 5887.44
27511.4, 27.511
27511.4, 27.511
27511.4, 27.511
27511.3, 27.511
27511.3, 357.647
27511.3, 110.045
27511.3, 165.068
27511.3, 27.511
27511.3, 357.647
27511.2, 27.511
27511.2, 27.511
27511.1, 55.022
27511.1, 27.511
27511.1, 27.511
27511.1, 27.511
27511.1, 27.511
27511.0, 275.11
27511.0, 27.511
27511.0, 27.511
27510.9, 192.576
27510.9, 94747.54
27510.9, 27.511
27510.9, 27.511
27510.8, 192.576
27510.8, 165.065
27510.8, 27.511
27510.8, 27.511
27510.8, 27.511
27510.7, 17524.316
27510.7, 13452.732
27510.7, 27.511
27510.7, 1815.706
27510.7, 27.511
27510.6, 27.511
27510.6, 5502.12
27510.6, 89932.151
27510.6, 27.511
27510.6, 27.511
27510.6, 27.511
27510.5, 82.532
27510.5, 9243.528
27510.5, 27.511
27510.5, 27.511
27510.4, 27.51
27510.4, 27.51
27510.3, 27.51
27510.3, 27.51
27510.3, 27.51
27510.2, 28803.179
27510.2, 165.061
27510.2, 15873.385
27510.0, 55.02
27510.0, 27.51
27510.0, 632.73
27510.0, 27.51
27510.0, 27.51
27510.0, 13259.82
27510.0, 2751.0
27510.0, 9958.62
27510.0, 2751.0
27510.0, 9986.13
27510.0, 68609.94
27510.0, 27.51
27510.0, 27.51
27510.0, 4869.27
27510.0, 687.75
27509.8, 27.51
27509.7, 247.587
27509.7, 1898.169
27509.6, 81290.868
27509.5, 330.114
27509.5, 35817.369
27509.4, 35679.692
27509.4, 27.509
27509.3, 27646.846
27509.3, 43079.564
27509.1, 165.055
27509.1, 27.509
27509.1, 2750.91
27509.0, 137545.0
27509.0, 27.509
27508.9, 5501.78
27508.9, 9242.99
27508.9, 165.053
27508.9, 1980.641
27508.8, 5089.128
27508.8, 27.509
27508.8, 55.018
27508.8, 17523.106
27508.8, 13451.803
27508.8, 22364.654
27508.8, 27.509
27508.8, 27.509
27508.8, 5501.76
27508.8, 5364.216
27508.6, 27.509
27508.6, 165.052
27508.6, 27.509
27508.5, 27.509
27508.5, 220.068
27508.3, 27.508
27508.3, 522.658
27508.3, 11030.828
27508.3, 1485.448
27508.3, 1485.448
27508.3, 82.525
27508.1, 12351.137
27508.1, 5501.62
27508.0, 55016.0
27508.0, 4868.916
27507.9, 8307.386
27507.9, 55015.8
27507.8, 27.508
27507.8, 19998.171
27507.8, 27.508
27507.7, 247.569
27507.7, 40133.734
27507.6, 55.015
27507.4, 28772.74
27507.3, 330.088
27507.3, 27.507
27507.3, 6189.143
27507.3, 3740.993
27507.3, 15018.986
27507.3, 4648.734
27507.3, 8389.726
27507.2, 82.522
27507.2, 9242.419
27507.2, 27.507
27507.1, 27.507
27507.1, 4978.785
27507.1, 27.507
27507.1, 27.507
27507.1, 247.564
27507.1, 27.507
27507.1, 2200.568
27507.1, 17934.629
27507.2, 412.608
27507.1, 27.507
27507.1, 220.057
27507.1, 19997.662
27507.1, 495.128
27507.1, 4401.136
27507.2, 1017.766
27507.2, 440.115
27507.2, 2915.763
27507.2, 577.651
27507.2, 24013.786
27507.1, 27.507
27507.1, 27.507
27507.1, 5391.392
27507.1, 14853.834
27507.1, 1155.298
27507.1, 192.55
27507.1, 27.507
27507.1, 1787.962
27507.2, 82.522
27507.1, 275.071
27507.1, 165.043
27507.1, 110.028
27507.1, 302.578
27507.1, 192.55
27507.1, 192.55
27507.1, 110.028
27507.1, 220.057
27507.1, 962.749
27507.1, 6491.676
27507.1, 412.607
27507.1, 82.521
27507.1, 110.028
27507.1, 495.128
27507.1, 5363.885
27507.1, 632.663
27507.1, 27.507
27507.1, 797.706
27507.1, 4263.601
27507.1, 990.256
27507.1, 3410.88
27507.1, 2448.132
27507.1, 1622.919
27507.1, 27.507
27507.1, 3438.388
27507.1, 1210.312
27507.1, 24481.319
27507.1, 440.114
27507.1, 302.578
27507.1, 1375.355
27507.1, 2118.047
27507.1, 632.663
27507.2, 27.507
27507.1, 7344.396
27507.1, 1457.876
27507.1, 7701.988
27507.1, 247.564
27507.2, 110.029
27507.2, 770.202
27507.1, 770.199
27507.2, 5501.44
27507.1, 1732.947
27507.1, 3768.473
27507.1, 1045.27
27507.2, 55.014
27507.2, 55.014
27507.1, 8389.666
27507.1, 1045.27
27507.1, 3025.781
27507.1, 22665.85
27507.1, 29267.554
27507.1, 5391.392
27507.1, 55.014
27507.1, 2420.625
27507.1, 14716.299
27507.1, 19860.126
27507.1, 15486.497
27507.1, 19997.662
27507.1, 17439.501
27507.1, 53968.93
27507.1, 82.521
27507.1, 110.028
27507.1, 27.507
27507.1, 27.507
27507.1, 30175.289
27507.1, 632.663
27507.1, 137.535
27507.1, 9792.528
27507.1, 3410.88
27507.1, 220.057
27507.1, 27.507
27507.1, 1677.933
27507.1, 27.507
27507.1, 27.507
27507.1, 5006.292
27507.1, 27.507
27507.1, 1375.355
27507.1, 550.142
27507.1, 687.678
27507.1, 55.014
27507.1, 10727.769
27507.1, 11828.053
27507.1, 11828.053
27507.1, 3988.529
27507.1, 10727.769
27507.1, 110.028
27507.1, 220.057
27507.1, 55.014
27507.1, 1237.819
27507.1, 165.043
27507.0, 27.507
27507.0, 17521.959
27507.0, 13450.923
27507.0, 27.507
27507.0, 27.507
27507.0, 357.591
27507.0, 22005.6
27507.0, 2475.63
27507.0, 27.507
27506.9, 27.507
27506.9, 27.507
27506.9, 27.507
27506.8, 27.507
27506.8, 27.507
27506.8, 27.507
27506.8, 27.507
27506.8, 27.507
27506.7, 27.507
27506.7, 55.013
27506.7, 27.507
27506.7, 27.507
27506.7, 27.507
27506.6, 11002.64
27506.6, 27.507
27506.6, 27.507
27506.6, 27.507
27506.5, 27.507
27506.5, 907.715
27506.5, 27.507
27506.5, 27.507
27506.5, 27.507
27506.5, 27.507
27506.5, 275.065
27506.4, 27.506
27506.4, 27.506
27506.4, 385.09
27506.4, 27.506
27506.3, 27.506
27506.3, 27.506
27506.3, 27.506
27506.3, 82.519
27506.3, 27.506
27506.2, 27.506
27506.2, 27.506
27506.2, 357.581
27506.2, 27.506
27506.2, 27.506
27506.2, 220.05
27506.1, 27.506
27506.1, 27.506
27506.1, 6821.513
27506.1, 27.506
27506.1, 5198.653
27506.1, 192.543
27506.1, 27.506
27506.1, 660.146
27506.0, 137.53
27506.0, 1925.42
27506.0, 192.542
27506.0, 59660.514
27506.0, 23435.112
27506.0, 4868.562
27506.0, 27.506
27506.0, 27.506
27506.0, 27.506
27506.0, 27.506
27505.9, 27.506
27505.9, 27.506
27505.9, 17191.188
27505.9, 27.506
27505.9, 53966.576
27505.9, 5308.639
27505.9, 27.506
27505.9, 27.506
27505.9, 27.506
27505.9, 192.541
27505.9, 27.506
27505.9, 18153.894
27505.9, 24810.322
27506.0, 330.072
27505.9, 2448.025
27505.9, 110.024
27506.0, 82.518
27506.0, 27.506
27506.0, 275.06
27505.9, 302.565
27505.9, 2585.555
27505.9, 25140.393
27506.0, 2503.046
27505.9, 3933.344
27505.9, 715.153
27505.9, 55.012
27505.9, 6408.875
27505.9, 5501.18
27505.9, 6271.345
27505.9, 3740.802
27505.9, 22004.72
27505.9, 25745.522
27505.9, 1292.777
27505.9, 22472.32
27505.9, 412.589
27505.9, 19996.789
27505.9, 6078.804
27505.9, 3933.344
27505.9, 577.624
27505.9, 55.012
27505.9, 550.118
27505.9, 19996.789
27505.9, 28908.701
27505.9, 55.012
27505.9, 10727.301
27505.9, 11827.537
27505.9, 10727.301
27505.9, 825.177
27505.9, 5006.074
27505.9, 11827.537
27505.9, 10727.301
27505.9, 577.624
27505.9, 30008.937
27505.9, 55.012
27505.9, 275.059
27505.9, 3988.356
27505.9, 27.506
27505.9, 27.506
27505.9, 110.024
27505.9, 192.541
27505.9, 55.012
27505.9, 275.059
27505.9, 192.541
27505.9, 1375.295
27505.9, 4813.533
27505.9, 467.6
27505.9, 275.059
27505.9, 27.506
27505.9, 2227.978
27505.9, 27.506
27505.9, 412.589
27505.9, 55.012
27505.9, 18979.071
27505.9, 550.118
27506.0, 1870.408
27505.9, 440.094
27505.9, 8251.77
27505.9, 55.012
27506.0, 13395.422
27506.0, 8884.438
27506.0, 13725.494
27506.0, 632.638
27506.0, 275.06
27506.0, 4125.9
27506.0, 4125.9
27506.0, 357.578
27506.0, 27.506
27506.0, 192.542
27506.0, 550.12
27506.0, 5501.2
27506.0, 55.012
27506.0, 27.506
27506.0, 27.506
27506.0, 440.096
27506.0, 27.506
27506.0, 27.506
27506.0, 27.506
27506.0, 27.506
27506.0, 27.506
27506.0, 82.518
27506.0, 27.506
27506.0, 27.506
27506.0, 27.506
27506.0, 275.06
27506.0, 275.06
27506.0, 275.06
27506.0, 275.06
27506.0, 275.06
27506.0, 275.06
27506.0, 275.06
27506.0, 275.06
27506.0, 275.06
27506.0, 275.06
27506.0, 275.06
27506.0, 275.06
27506.0, 275.06
27506.0, 275.06
27506.0, 275.06
27506.0, 275.06
27506.0, 275.06
27506.0, 275.06
27506.0, 27.506
27506.0, 110.024
27506.0, 55.012
27506.0, 797.674
27506.0, 10892.376
27506.0, 3355.732
27506.0, 522.614
27506.1, 55.012
27506.1, 137.531
27506.0, 22884.992
27506.0, 2255.492
27506.0, 2365.516
27506.0, 15238.324
27506.0, 3933.358
27506.0, 1347.794
27506.0, 605.132
27506.0, 6271.368
27506.0, 12405.206
27506.0, 6381.392
27506.0, 7591.656
27506.0, 935.204
27506.1, 990.22
27506.1, 467.604
27506.0, 1595.348
27506.0, 1182.758
27506.0, 2998.154
27506.1, 990.22
27506.1, 5886.305
27506.1, 4428.482
27506.0, 220.048
27506.1, 1072.738
27506.1, 27.506
27506.1, 357.579
27506.1, 495.11
27506.1, 27.506
27506.1, 27.506
27506.0, 24122.762
27506.0, 1072.734
27506.0, 19584.272
27506.0, 4538.49
27506.0, 81060.182
27506.0, 5363.67
27506.0, 6848.994
27506.1, 27.506
27506.0, 605.132
27506.1, 27.506
27506.1, 247.555
27506.1, 27.506
27506.1, 935.207
27506.1, 522.616
27506.0, 5061.104
27506.0, 5171.128
27506.0, 22884.992
27506.0, 30256.6
27506.0, 357.578
27506.0, 495.108
27506.0, 27506.0
27506.0, 24645.376
27506.0, 412.59
27506.0, 4868.562
27506.0, 13395.422
27506.0, 577.626
27506.0, 27506.0
27506.0, 13395.422
27506.0, 275.06
27506.0, 275.06
27506.0, 577.626
27506.0, 22004.8
27506.0, 412.59
27506.0, 275.06
27506.0, 275.06
27506.0, 82.518
27506.0, 275.06
27506.0, 275.06
27506.0, 275.06
27506.0, 275.06
27506.0, 412.59
27506.0, 28853.794
27506.0, 275.06
27506.0, 90027.138
27506.0, 247.554
27506.0, 9847.148
27506.0, 3520.768
27506.0, 55.012
27506.0, 192.542
27506.0, 5308.658
27506.0, 11387.484
27506.0, 275.06
27506.0, 275.06
27506.0, 275.06
27506.0, 275.06
27506.0, 275.06
27506.0, 275.06
27506.0, 275.06
27506.0, 275.06
27506.0, 275.06
27506.0, 275.06
27506.0, 275.06
27506.0, 29899.022
27506.0, 82.518
27506.0, 27.506
27506.0, 27.506
27506.0, 110.024
27506.0, 1375.3
27506.0, 82.518
27506.0, 962.71
27506.0, 82.518
27506.0, 82.518
27506.0, 55.012
27506.0, 192.542
27506.0, 27.506
27506.0, 5501.2
27506.0, 550.12
27506.0, 55.012
27506.0, 2200.48
27506.0, 137.53
27506.0, 82.518
27506.0, 192.542
27506.0, 275.06
27506.0, 11827.58
27506.0, 11827.58
27506.0, 2338.01
27506.0, 27.506
27506.0, 687.65
27505.9, 27.506
27505.9, 5006.074
27505.9, 43761.887
27505.9, 24645.286
27505.9, 110.024
27505.9, 27.506
27505.9, 27.506
27505.9, 55.012
27505.9, 192.541
27505.9, 27.506
27505.8, 46127.227
27505.8, 3740.789
27505.8, 6243.817
27505.8, 1237.761
27505.8, 1540.325
27505.8, 4978.55
27505.8, 27.506
27505.8, 6243.817
27505.8, 1540.325
27505.8, 27.506
27505.8, 27.506
27505.8, 13752.9
27505.7, 27.506
27505.7, 27.506
27505.7, 27.506
27505.6, 1182.741
27505.6, 9241.882
27505.6, 27.506
27505.6, 27.506
27505.6, 27.506
27505.6, 27.506
27505.6, 467.595
27505.5, 82764.05
27505.5, 57266.451
27505.5, 27.506
27505.5, 27.506
27505.5, 27.506
27505.4, 14302.808
27505.4, 34959.363
27505.4, 27.505
27505.4, 27.505
27505.4, 27.505
27505.3, 27.505
27505.3, 27.505
27505.3, 27.505
27505.3, 27.505
27505.3, 1485.286
27505.2, 27.505
27505.2, 27.505
27505.2, 27.505
27505.2, 385.073
27505.1, 17520.749
27505.1, 13449.994
27505.1, 3740.694
27505.1, 27.505
27505.1, 27.505
27505.1, 27.505
27505.1, 27.505
27505.1, 27505.1
27505.1, 357.566
27505.0, 247.545
27505.0, 4593.335
27505.0, 27.505
27505.0, 27.505
27505.0, 27.505
27505.0, 27.505
27505.0, 220.04
27505.0, 27.505
27505.0, 5501.0
27504.9, 55.01
27504.9, 1870.333
27504.9, 825.147
27504.9, 2062.867
27504.9, 27.505
27504.9, 27.505
27504.9, 37461.674
27504.9, 27.505
27504.9, 27.505
27504.9, 5253.436
27504.9, 385.069
27504.9, 6876.225
27504.9, 2750.49
27504.8, 27.505
27504.8, 27.505
27504.8, 220.038
27504.8, 27.505
27504.7, 27.505
27504.7, 27.505
27504.7, 27.505
27504.7, 27.505
27504.7, 1925.329
27504.7, 27.505
27504.7, 27.505
27504.7, 192.533
27504.7, 7481.278
27504.6, 27.505
27504.6, 27.505
27504.6, 27.505
27504.6, 55.009
27504.5, 27.505
27504.5, 27.505
27504.5, 110.018
27504.5, 27.505
27504.5, 6766.107
27504.5, 55.009
27504.4, 27.504
27504.4, 27.504
27504.4, 27.504
27504.4, 687.61
27504.4, 110.018
27504.4, 330.053
27504.4, 852.636
27504.4, 27.504
27504.4, 192.531
27504.3, 27.504
27504.3, 33610.255
27504.3, 27.504
27504.3, 27.504
27504.3, 3052.977
27504.3, 27.504
27504.3, 660.103
27504.3, 495.077
27504.3, 550.086
27504.2, 27.504
27504.2, 27.504
27504.2, 27.504
27504.2, 27.504
27504.2, 1485.227
27504.2, 2007.807
27504.1, 27.504
27504.1, 17822.657
27504.2, 2777.924
27504.2, 990.151
27504.2, 1925.294
27504.2, 18620.343
27504.2, 27.504
27504.1, 1512.726
27504.1, 330.049
27504.2, 27.504
27504.1, 5913.381
27504.1, 27.504
27504.1, 8608.783
27504.2, 990.151
27504.1, 137.521
27504.1, 3272.988
27504.2, 2255.344
27504.2, 27.504
27504.1, 1430.213
27504.1, 1182.676
27504.1, 990.148
27504.1, 14632.181
27504.1, 550.082
27504.1, 5473.316
27504.1, 6353.447
27504.1, 4813.218
27504.1, 4455.664
27504.2, 440.067
27504.1, 27.504
27504.2, 27.504
27504.1, 82.512
27504.2, 5143.285
27504.1, 165.025
27504.1, 412.561
27504.2, 385.059
27504.2, 27.504
27504.1, 3245.484
27504.1, 82.512
27504.2, 247.538
27504.1, 357.553
27504.1, 357.553
27504.1, 632.594
27504.1, 110.016
27504.1, 385.057
27504.1, 110.016
27504.1, 27.504
27504.1, 220.033
27504.1, 302.545
27504.1, 2805.418
27504.2, 495.076
27504.1, 1540.23
27504.1, 715.107
27504.1, 13752.05
27504.1, 5115.763
27504.1, 55.008
27504.1, 4703.201
27504.1, 1760.262
27504.1, 27.504
27504.1, 27.504
27504.1, 27.504
27504.1, 82.512
27504.1, 550.082
27504.1, 4043.103
27504.2, 550.084
27504.2, 27.504
27504.1, 55.008
27504.1, 302.545
27504.2, 495.076
27504.2, 247.538
27504.1, 440.066
27504.2, 962.647
27504.1, 660.098
27504.2, 412.563
27504.2, 247.538
27504.1, 990.148
27504.1, 55.008
27504.2, 27.504
27504.1, 15429.8
27504.1, 1375.205
27504.1, 110.016
27504.1, 385.057
27504.1, 192.529
27504.1, 55.008
27504.1, 577.586
27504.1, 27.504
27504.1, 55.008
27504.1, 82.512
27504.1, 495.074
27504.1, 11029.144
27504.2, 165.025
27504.2, 15457.36
27504.2, 412.563
27504.2, 27.504
27504.1, 27.504
27504.1, 467.57
27504.1, 82.512
27504.1, 14164.612
27504.1, 27.504
27504.1, 385.057
27504.1, 110.016
27504.1, 55.008
27504.1, 192.529
27504.1, 27.504
27504.1, 27.504
27504.1, 935.139
27504.1, 82.512
27504.2, 110.017
27504.2, 1072.664
27504.2, 27.504
27504.1, 467.57
27504.1, 27.504
27504.1, 110.016
27504.1, 82.512
27504.1, 2337.849
27504.1, 1402.709
27504.2, 6050.924
27504.2, 1155.176
27504.2, 1842.781
27504.1, 1100.164
27504.2, 1127.672
27504.2, 4125.63
27504.2, 7233.605
27504.1, 82.512
27504.1, 27.504
27504.2, 4538.193
27504.1, 605.09
27504.1, 247.537
27504.1, 27.504
27504.1, 5170.771
27504.1, 110.016
27504.1, 220.033
27504.1, 55.008
27504.1, 27.504
27504.1, 82.512
27504.1, 27.504
27504.1, 13752.05
27504.1, 1567.734
27504.1, 110.016
27504.1, 577.586
27504.1, 55.008
27504.1, 192.529
27504.1, 27.504
27504.1, 55.008
27504.1, 27.504
27504.1, 6931.033
27504.1, 1375.205
27504.2, 1512.731
27504.2, 770.118
27504.1, 275.041
27504.2, 82.513
27504.1, 550.082
27504.1, 2172.824
27504.1, 7783.66
27504.2, 27.504
27504.2, 27.504
27504.2, 247.538
27504.1, 715.107
27504.1, 110.016
27504.2, 4098.126
27504.1, 5583.332
27504.1, 55.008
27504.1, 412.561
27504.1, 82.512
27504.1, 55.008
27504.1, 1375.205
27504.1, 27.504
27504.1, 550.082
27504.1, 110.016
27504.1, 27.504
27504.1, 192.529
27504.1, 2282.84
27504.2, 27.504
27504.2, 495.076
27504.1, 4950.738
27504.1, 27.504
27504.1, 1072.66
27504.1, 82.512
27504.1, 29374.379
27504.1, 27.504
27504.1, 55.008
27504.1, 110.016
27504.1, 495.074
27504.1, 21700.735
27504.1, 577.586
27504.1, 55.008
27504.1, 192.529
27504.1, 4180.623
27504.1, 27.504
27504.1, 55.008
27504.1, 27.504
27504.1, 1265.189
27504.1, 192.529
27504.1, 82.512
27504.1, 10589.079
27504.1, 19115.349
27504.1, 935.139
27504.1, 27.504
27504.1, 550.082
27504.1, 357.553
27504.1, 11029.144
27504.0, 27.504
27504.0, 27.504
27504.0, 27.504
27504.0, 990.144
27503.9, 27.504
27503.9, 9213.807
27503.9, 27.504
27503.9, 27.504
27503.9, 27.504
27503.9, 577.582
27503.9, 577.582
27503.9, 577.582
27503.8, 21315.445
27503.8, 27.504
27503.8, 27.504
27503.8, 27.504
27503.8, 27.504
27503.7, 55.007
27503.7, 27.504
27503.7, 27.504
27503.7, 27.504
27503.6, 55.007
27503.6, 27.504
27503.6, 27.504
27503.6, 27.504
27503.6, 27.504
27503.6, 2750.36
27503.5, 660.084
27503.5, 27.504
27503.5, 27.504
27503.5, 27.504
27503.5, 27.504
27503.4, 27.503
27503.4, 27.503
27503.4, 27.503
27503.4, 27.503
27503.3, 55.007
27503.3, 82.51
27503.3, 9763.671
27503.3, 302.536
27503.3, 110.013
27503.3, 7343.381
27503.3, 13449.114
27503.3, 27.503
27503.3, 27.503
27503.3, 27.503
27503.2, 27.503
27503.2, 27.503
27503.2, 27.503
27503.2, 27.503
27503.2, 220.026
27503.1, 27.503
27503.1, 27.503
27503.1, 27.503
27503.1, 27.503
27503.1, 27.503
27503.0, 660.072
27503.0, 330.036
27503.0, 27.503
27503.0, 6050.66
27502.9, 27.503
27502.9, 27.503
27502.9, 27.503
27502.9, 27.503
27502.8, 15484.076
27502.9, 440.046
27502.8, 27.503
27502.8, 13393.864
27502.8, 3602.867
27502.8, 2117.716
27502.8, 1155.118
27502.8, 4510.459
27502.8, 27.503
27502.8, 9158.432
27502.8, 742.576
27502.8, 43866.966
27502.8, 27.503
27502.8, 550.056
27502.8, 55.006
27502.8, 27.503
27502.8, 11826.204
27502.8, 82.508
27502.8, 55.006
27502.8, 192.52
27502.8, 467.548
27502.7, 27.503
27502.7, 13256.301
27502.7, 7315.718
27502.7, 27.503
27502.7, 27.503
27502.7, 27.503
27502.6, 27.503
27502.6, 550.052
27502.6, 27.503
27502.6, 27.503
27502.6, 27.503
27502.5, 56545.14
27502.5, 27.503
27502.5, 25054.778
27502.5, 27.503
27502.5, 27.503
27502.4, 27.502
27502.4, 27.502
27502.3, 27.502
27502.3, 9240.773
27502.3, 22634.393
27502.3, 27.502
27502.3, 27.502
27502.2, 27.502
27502.2, 27.502
27502.2, 27.502
27502.1, 137.511
27502.1, 12183.43
27502.1, 27.502
27502.1, 27.502
27502.1, 27.502
27502.0, 55.004
27502.0, 27.502
27502.0, 27.502
27501.9, 27.502
27501.9, 27.502
27501.8, 27.502
27501.8, 27.502
27501.8, 27.502
27501.8, 220.014
27501.7, 27.502
27501.7, 27.502
27501.7, 2750.17
27501.6, 27.502
27501.6, 27.502
27501.6, 27.502
27501.6, 110.006
27501.6, 4922.786
27501.6, 25713.996
27501.5, 13448.234
27501.5, 5170.282
27501.5, 12348.174
27501.5, 27.502
27501.5, 27.502
27501.5, 27.502
27501.5, 137.508
27501.5, 275.015
27501.4, 27.501
27501.4, 27.501
27501.3, 27.501
27501.3, 27.501
27501.2, 55.002
27501.2, 27.501
27501.2, 27.501
27501.1, 11522.961
27501.1, 27.501
27501.1, 27.501
27501.1, 27.501
27501.1, 330.013
27501.0, 27.501
27501.0, 27.501
27500.9, 27.501
27500.9, 27.501
27500.8, 27.501
27500.8, 26180.762
27500.8, 27.501
27500.9, 825.027
27500.8, 27.501
27500.8, 32973.459
27500.8, 27.501
27500.8, 27.501
27500.8, 275.008
27500.7, 27.501
27500.7, 55.001
27500.7, 15867.904
27500.7, 27.501
27500.7, 27.501
27500.7, 27.501
27500.7, 3025.077
27500.6, 55.001
27500.6, 9240.202
27500.6, 27.501
27500.6, 27.501
27500.5, 27.501
27500.5, 27.501
27500.4, 27.5
27500.4, 27.5
27500.4, 2750.04
27500.3, 27.5
27500.3, 27.5
27500.2, 27.5
27500.2, 27.5
27500.2, 27.5
27500.1, 27.5
27500.1, 27.5
27500.1, 27.5
27500.1, 27.5
27500.0, 797.5
27500.0, 1375.0
27500.0, 44467.5
27500.0, 2832.5
27500.0, 330.0
27500.0, 165.0
27500.0, 330.0
27500.0, 55.0
27500.0, 550.0
27500.0, 27.5
27500.0, 27.5
27500.0, 27.5
27500.0, 55.0
27500.0, 247.5
27500.0, 27.5
27500.0, 27.5
27500.0, 27.5
27500.0, 1347.5
27500.0, 82.5
27500.0, 110.0
27500.0, 27.5
27500.0, 27.5
27500.0, 110.0
27500.0, 687.5
27500.0, 82.5
27500.0, 27.5
27500.0, 27.5
27500.0, 2750.0
27500.0, 192.5
27500.0, 27.5
27500.0, 27.5
27500.0, 27.5
27500.0, 27.5
27500.0, 110.0
27500.0, 137.5
27500.0, 990.0
27500.0, 13722.5
27500.0, 5500.0
27500.0, 522.5
27500.0, 605.0
27500.0, 3300.0
27500.0, 632.5
27500.0, 962.5
27500.0, 495.0
27500.0, 5500.0
27500.0, 605.0
27500.0, 27.5
27500.0, 27.5
27500.0, 82.5
27500.0, 82.5
27500.0, 82.5
27499.9, 27.5
27499.9, 27.5
27499.9, 27.5
27499.8, 192.499
27499.8, 27.5
27499.8, 27.5
27499.8, 6269.954
27499.8, 82.499
27499.7, 27.5
27499.7, 27.5
27499.6, 84258.774
27499.6, 15317.277
27499.6, 13447.304
27499.6, 17517.245
27499.6, 219.997
27499.6, 27.5
27499.6, 27.5
27499.6, 82.499
27499.6, 659.99
27499.5, 40259.268
27499.5, 27.5
27499.5, 27.5
27499.4, 82.498
27499.4, 28296.883
27499.4, 27.499
27499.4, 27.499
27499.4, 27.499
27499.3, 6187.343
27499.3, 27.499
27499.3, 27.499
27499.2, 62918.17
27499.2, 10669.69
27499.2, 82.498
27499.1, 27.499
27499.1, 687.478
27499.0, 54.998
27499.0, 219.992
27499.0, 137.495
27499.0, 9239.664
27499.0, 5499.8
27498.9, 27.499
27498.8, 27.499
27498.8, 219.99
27498.8, 27.499
27498.8, 219.99
27498.7, 76501.383
27498.7, 82.496
27498.6, 74686.198
27498.6, 7479.619
27498.6, 39927.967
27498.4, 15014.126
27498.4, 6187.14
27498.4, 769.955
27498.3, 54.997
27498.3, 6187.118
27498.3, 27.498
27498.3, 27.498
27498.3, 274.983
27498.2, 7149.532
27498.2, 108837.876
27498.2, 1154.924
27498.1, 3739.742
27498.1, 27.498
27498.1, 82.494
27498.0, 27.498
27498.0, 27.498
27498.0, 54.996
27498.0, 219.984
27498.0, 19771.062
27498.0, 5499.6
27498.0, 2227.338
27498.0, 3959.712
27498.0, 4867.146
27497.9, 54.996
27497.9, 302.477
27497.8, 13446.424
27497.8, 17516.099
27497.8, 27.498
27497.6, 82.493
27497.5, 219.98
27497.5, 4647.078
27497.4, 27.497
27497.4, 27.497
27497.4, 2749.74
27497.3, 274.973
27497.3, 9239.093
27497.2, 989.899
27497.2, 13088.667
27497.2, 27.497
27497.1, 54.994
27497.0, 549.94
27497.0, 27.497
27497.0, 54.994
27497.0, 27.497
27497.0, 53949.114
27497.0, 5499.4
27497.0, 1979.784
27497.0, 82.491
27496.9, 27.497
27496.9, 49191.954
27496.8, 27.497
27496.8, 1484.827
27496.8, 1484.827
27496.7, 27.497
27496.7, 15013.198
27496.7, 27.497
27496.6, 1869.769
27496.6, 1154.857
27496.6, 82.49
27496.6, 27.497
27496.5, 247.468
27496.5, 53948.133
27496.5, 82.49
27496.4, 137.482
27496.4, 164.978
27496.4, 27.496
27496.2, 357.451
27496.2, 1182.337
27496.2, 9706.159
27496.1, 27.496
27496.1, 16992.59
27496.1, 6159.126
27496.1, 1099.844
27496.1, 53947.348
27497.1, 27.497
27496.0, 27.496
27496.0, 27.496
27496.0, 27.496
27496.1, 27.496
27496.0, 27.496
27496.1, 54.992
27496.1, 2007.215
27496.0, 2474.64
27496.1, 12483.229
27496.1, 164.977
27496.0, 357.448
27496.1, 192.473
27496.0, 27.496
27496.0, 357.448
27496.0, 82.488
27496.1, 549.922
27496.0, 164.976
27496.0, 82.488
27496.0, 1649.76
27496.0, 439.936
27496.0, 137.48
27496.0, 4124.4
27496.1, 329.953
27496.0, 8248.8
27496.0, 632.408
27496.0, 1704.752
27496.0, 137.48
27496.0, 2529.632
27496.0, 4096.904
27496.0, 2007.208
27496.1, 687.403
27496.1, 3052.067
27496.0, 3162.04
27496.0, 27.496
27496.1, 13748.05
27496.0, 3437.0
27496.0, 6709.024
27496.0, 1127.336
27496.1, 1374.805
27496.0, 137.48
27496.1, 1347.309
27496.1, 27.496
27496.0, 3024.56
27496.0, 824.88
27496.0, 27.496
27496.0, 4921.784
27496.0, 6159.104
27496.1, 10695.983
27496.1, 3052.067
27496.1, 384.945
27496.0, 1429.792
27496.0, 3134.544
